version https://git-lfs.github.com/spec/v1
oid sha256:cdcc97d1e860b87658fe1bcad6ade7ebc34b64ff7dd0605145b1da377cfe03f1
size 1695713
