version https://git-lfs.github.com/spec/v1
oid sha256:514120152d60e72055c46a5f3d92d2d89eb62acdca65548cd30fa05e9c7d6a63
size 1114656
